[ 2 ,   4 ,   6 ,   8 ,   1 0 ,   1 2 ,   1 4 ,   1 6 ,   1 8 ,   2 0 ]
[ 2 ,   4 ,   6 ,   8 ,   1 0 ,   1 2 ,   1 4 ,   1 6 ,   1 8 ,   2 0 ,   4 ,   4 ,   4 ,   4 ,   4 ,   4 ,   4 ,   4 ,   4 ,   4 ]
[ 2 ,   4 ,   6 ,   8 ,   1 0 ,   1 2 ,   1 4 ,   1 6 ,   1 8 ,   2 0 ,   4 ,   4 ,   4 ,   4 ,   4 ,   4 ,   4 ,   4 ,   4 ,   4 ,   4 ,   4 ,   4 ,   4 ,   4 ,   4 ,   4 ,   4 ,   4 ,   4 ]
[ 2 ,   4 ,   6 ,   8 ,   1 0 ,   1 2 ,   1 4 ,   1 6 ,   1 8 ,   2 0 ,   4 ,   4 ,   4 ,   4 ,   4 ,   4 ,   4 ,   4 ,   4 ,   4 ,   4 ,   4 ,   4 ,   4 ,   4 ,   4 ,   4 ,   4 ,   4 ,   4 ,   4 ,   4 ,   4 ,   4 ,   4 ,   4 ,   4 ,   4 ,   4 ,   4 ]
[ 2 ,   4 ,   6 ,   8 ,   1 0 ,   1 2 ,   1 4 ,   1 6 ,   1 8 ,   2 0 ,   4 ,   4 ,   4 ,   4 ,   4 ,   4 ,   4 ,   4 ,   4 ,   4 ,   4 ,   4 ,   4 ,   4 ,   4 ,   4 ,   4 ,   4 ,   4 ,   4 ,   4 ,   4 ,   4 ,   4 ,   4 ,   4 ,   4 ,   4 ,   4 ,   4 ,   4 ,   4 ,   4 ,   4 ,   4 ,   4 ,   4 ,   4 ,   6 ,   4 ]
[ 2 ,   4 ,   6 ,   8 ,   1 0 ,   1 2 ,   1 4 ,   1 6 ,   1 8 ,   2 0 ,   4 ,   4 ,   4 ,   4 ,   4 ,   4 ,   4 ,   4 ,   4 ,   4 ,   4 ,   4 ,   4 ,   4 ,   4 ,   4 ,   4 ,   4 ,   4 ,   4 ,   4 ,   4 ,   4 ,   4 ,   4 ,   4 ,   4 ,   4 ,   4 ,   4 ,   4 ,   4 ,   4 ,   4 ,   4 ,   4 ,   4 ,   4 ,   6 ,   4 ,   4 ,   4 ,   4 ,   4 ,   4 ,   4 ,   4 ,   4 ,   4 ,   4 ]
[ 2 ,   4 ,   6 ,   8 ,   1 0 ,   1 2 ,   1 4 ,   1 6 ,   1 8 ,   2 0 ,   4 ,   4 ,   4 ,   4 ,   4 ,   4 ,   4 ,   4 ,   4 ,   4 ,   4 ,   4 ,   4 ,   4 ,   4 ,   4 ,   4 ,   4 ,   4 ,   4 ,   4 ,   4 ,   4 ,   4 ,   4 ,   4 ,   4 ,   4 ,   4 ,   4 ,   4 ,   4 ,   4 ,   4 ,   4 ,   4 ,   4 ,   4 ,   6 ,   4 ,   4 ,   4 ,   4 ,   4 ,   4 ,   4 ,   4 ,   4 ,   4 ,   4 ,   4 ,   4 ,   4 ,   4 ,   4 ,   4 ,   4 ,   4 ,   4 ,   4 ]
[ 2 ,   4 ,   6 ,   8 ,   1 0 ,   1 2 ,   1 4 ,   1 6 ,   1 8 ,   2 0 ,   4 ,   4 ,   4 ,   4 ,   4 ,   4 ,   4 ,   4 ,   4 ,   4 ,   4 ,   4 ,   4 ,   4 ,   4 ,   4 ,   4 ,   4 ,   4 ,   4 ,   4 ,   4 ,   4 ,   4 ,   4 ,   4 ,   4 ,   4 ,   4 ,   4 ,   4 ,   4 ,   4 ,   4 ,   4 ,   4 ,   4 ,   4 ,   6 ,   4 ,   4 ,   4 ,   4 ,   4 ,   4 ,   4 ,   4 ,   4 ,   4 ,   4 ,   4 ,   4 ,   4 ,   4 ,   4 ,   4 ,   4 ,   4 ,   4 ,   4 ,   4 ,   4 ,   4 ,   4 ,   4 ,   4 ,   4 ,   4 ,   4 ,   4 ]
[ 2 ,   4 ,   6 ,   8 ,   1 0 ,   1 2 ,   1 4 ,   1 6 ,   1 8 ,   2 0 ,   4 ,   4 ,   4 ,   4 ,   4 ,   4 ,   4 ,   4 ,   4 ,   4 ,   4 ,   4 ,   4 ,   4 ,   4 ,   4 ,   4 ,   4 ,   4 ,   4 ,   4 ,   4 ,   4 ,   4 ,   4 ,   4 ,   4 ,   4 ,   4 ,   4 ,   4 ,   4 ,   4 ,   4 ,   4 ,   4 ,   4 ,   4 ,   6 ,   4 ,   4 ,   4 ,   4 ,   4 ,   4 ,   4 ,   4 ,   4 ,   4 ,   4 ,   4 ,   4 ,   4 ,   4 ,   4 ,   4 ,   4 ,   4 ,   4 ,   4 ,   4 ,   4 ,   4 ,   4 ,   4 ,   4 ,   4 ,   4 ,   4 ,   4 ,   4 ,   4 ,   4 ,   4 ,   4 ,   4 ,   4 ,   4 ,   4 ,   4 ]
[ 2 ,   4 ,   6 ,   8 ,   1 0 ,   1 2 ,   1 4 ,   1 6 ,   1 8 ,   2 0 ,   4 ,   4 ,   4 ,   4 ,   4 ,   4 ,   4 ,   4 ,   4 ,   4 ,   4 ,   4 ,   4 ,   4 ,   4 ,   4 ,   4 ,   4 ,   4 ,   4 ,   4 ,   4 ,   4 ,   4 ,   4 ,   4 ,   4 ,   4 ,   4 ,   4 ,   4 ,   4 ,   4 ,   4 ,   4 ,   4 ,   4 ,   4 ,   6 ,   4 ,   4 ,   4 ,   4 ,   4 ,   4 ,   4 ,   4 ,   4 ,   4 ,   4 ,   4 ,   4 ,   4 ,   4 ,   4 ,   4 ,   4 ,   4 ,   4 ,   4 ,   4 ,   4 ,   4 ,   4 ,   4 ,   4 ,   4 ,   4 ,   4 ,   4 ,   4 ,   4 ,   4 ,   4 ,   4 ,   4 ,   4 ,   4 ,   4 ,   4 ,   4 ,   4 ,   4 ,   4 ,   4 ,   4 ,   4 ,   4 ,   4 ,   4 ]
